12
.011 .011 .011 .011 .011 .011 .011 .011 .011 .011 .011 .011
.011 .011 .011 .011 .011 .011 .011 .011 .011 .011 .011 .011
.011 .011 .011 .011 .011 .011 .011 .011 .011 .011 .011 .011
.011 .011 .011 .011 .011 .011 .011 .011 .011 .011 .011 .011
.011 .011 .011 .011 .011 .011 .011 .011 .011 .011 .011 .011
.011 .011 .011 .011 .011 .011 .011 .011 .011 .011 .011 .011
.011 .011 .011 .011 .011 .011 .011 .011 .011 .011 .011 .011
.011 .011 .011 .011 .011 .011 .011 .011 .011 .011 .011 .011
.011 .011 .011 .011 .011 .011 .011 .011 .011 .011 .011 .011
.011 .011 .011 .011 .011 .011 .011 .011 .011 .011 .011 .011
.011 .011 .011 .011 .011 .011 .011 .011 .011 .011 .011 .011
.011 .011 .011 .011 .011 .011 .011 .011 .011 .011 .011 .011
