12
1011 .011 .011 1111 .011 .011 .011 .011 .011 .011 .011 1111
0011 0111 .010 .011 .011 .010 .011 .011 1111 .011 .011 .011
1011 .010 .011 .011 .011 0111 .011 .010 .011 .011 .011 .011
.010 0111 .011 1111 .011 0111 .010 0111 .010 0111 .010 0111
1111 .010 1111 .011 .011 .010 .011 0111 .010 .011 1111 .011
.011 .011 .010 .011 .011 0111 .011 .010 1111 .011 .011 .011
.011 .010 1111 1111 .010 .011 .011 .011 1111 .011 .011 .011
0111 .011 .011 .011 .011 .011 0111 .011 .010 .011 .011 0111
.011 1111 .010 .011 1111 .010 .011 .011 .011 .011 1111 .011
.011 .011 0111 .011 .011 0111 .010 0111 .011 .011 .011 .011
.011 .011 0111 .011 .010 0111 0111 .010 .011 .011 .011 0111
.011 .011 .010 1111 .011 .010 0111 .011 .011 1111 .011 .011
